1586
1534
1444
1385
1375
1358
1342
1313
1290
1290
1287
1287
1277
1269
1251
1246
1237
1237
1226
1224
1221
1218
1203
1198
1194
1193
1179
1175
1174
1167
1167
1165
1157
1154
1154
1149
1148
1143
1143
1138
1136
1130
1128
1122
1121
1118
1111
1111
1111
1103
1103
1094
1094
1094
1094
1091
1090
1088
1088
1088
1083
1082
1079
1078
1076
1074
1072
1071
1071
1067
1066
1066
1065
1064
1063
1060
1056
1053
1053
1051
1051
1048
1045
1042
1040
1038
1034
1026
1025
1025
1024
1017
1017
1005
1004
1004
996
995
995
995
992
992
991
987
987
987
987
986
986
985
985
984
983
980
980
977
977
975
973
973
973
970
968
968
968
966
966
966
964
963
960
957
957
956
951
948
948
948
948
946
946
942
942
942
941
938
938
936
936
936
936
934
933
933
932
932
930
929
929
929
928
927
926
926
926
924
923
920
919
917
916
915
915
912
911
908
906
906
906
906
904
904
902
899
899
896
896
896
895
894
893
892
892
892
891
890
889
888
888
887
187.22686433792114