1794
1621
1621
1589
1542
1456
1424
1395
1368
1361
1354
1354
1340
1327
1311
1302
1288
1281
1264
1256
1238
1226
1224
1220
1220
1205
1200
1196
1193
1179
1179
1177
1175
1169
1165
1160
1158
1156
1150
1150
1137
1136
1134
1134
1125
1122
1120
1115
1112
1112
1109
1105
1104
1102
1102
1098
1098
1093
1090
1088
1083
1072
1070
1063
1063
1053
1053
1052
1051
1050
1046
1045
1044
1043
1035
1033
1033
1029
1029
1025
1024
1017
1006
1003
1001
1000
998
995
992
991
990
988
988
988
979
976
975
970
969
967
960
956
953
953
953
948
946
944
944
944
943
943
943
941
938
938
938
938
935
934
934
931
931
931
929
929
927
927
923
921
921
921
919
919
918
918
918
917
917
917
917
917
915
915
913
912
911
910
910
910
910
909
908
908
907
907
906
906
906
906
906
904
904
903
903
901
901
899
899
898
898
897
897
896
896
894
891
890
890
887
886
886
886
884
883
883
880
880
880
880
879
879
878
878
878
877
876
876
872
872
185.40852332115173