1615
1415
1398
1373
1342
1342
1326
1323
1315
1296
1290
1288
1236
1236
1228
1223
1215
1208
1206
1201
1194
1190
1181
1179
1175
1171
1168
1168
1168
1165
1165
1165
1160
1155
1154
1153
1153
1142
1141
1141
1135
1133
1133
1119
1116
1113
1113
1108
1108
1108
1107
1100
1097
1097
1091
1088
1087
1087
1084
1083
1083
1078
1075
1072
1071
1068
1068
1063
1063
1063
1061
1061
1061
1061
1061
1059
1056
1056
1054
1054
1051
1051
1051
1051
1049
1049
1048
1047
1047
1042
1042
1040
1038
1038
1036
1034
1034
1034
1032
1031
1031
1027
1024
1022
1022
1022
1019
1019
1019
1018
1018
1018
1016
1012
1012
1010
1005
1002
1002
1000
998
998
998
998
994
994
991
991
989
989
988
987
986
982
982
980
977
976
974
973
970
970
968
968
966
966
963
961
961
961
961
961
960
958
958
958
957
957
956
953
950
950
950
948
946
946
943
943
942
941
937
937
937
934
933
932
932
932
932
929
928
928
927
927
925
925
925
923
923
922
920
920
918
918
918
915
914
911
911
911
181.91391563415527