1472
1464
1398
1369
1342
1312
1303
1296
1295
1292
1289
1287
1273
1273
1262
1256
1245
1245
1237
1237
1236
1236
1231
1214
1209
1198
1195
1195
1192
1192
1192
1184
1179
1177
1175
1174
1174
1169
1169
1166
1165
1160
1160
1160
1155
1150
1150
1149
1148
1148
1139
1136
1133
1129
1129
1129
1128
1127
1126
1126
1118
1117
1111
1110
1106
1103
1100
1097
1097
1095
1095
1091
1089
1088
1088
1088
1088
1086
1085
1084
1083
1083
1074
1074
1070
1069
1069
1061
1058
1058
1058
1057
1055
1055
1054
1052
1052
1048
1048
1045
1043
1039
1033
1032
1031
1031
1026
1026
1020
1020
1018
1018
1017
1017
1016
1013
1012
1012
1012
1006
1006
1006
1006
1006
1002
1002
1001
1001
1001
999
998
998
998
998
998
992
991
991
990
990
990
989
988
986
986
982
982
982
982
979
979
979
979
978
978
977
976
975
973
973
973
973
972
972
972
971
971
971
968
967
966
966
965
965
963
963
963
963
962
961
952
952
949
949
949
947
945
942
939
939
939
935
935
934
934
933
933
933
931
931
185.5209505558014