1513
1473
1400
1389
1357
1344
1334
1308
1301
1287
1274
1273
1256
1254
1249
1249
1249
1242
1242
1229
1224
1221
1217
1214
1211
1206
1196
1190
1188
1179
1179
1176
1173
1171
1171
1169
1161
1161
1161
1161
1159
1159
1158
1158
1152
1151
1149
1139
1133
1133
1131
1131
1131
1128
1128
1126
1118
1116
1114
1112
1110
1110
1098
1098
1090
1087
1086
1085
1085
1084
1084
1084
1079
1074
1070
1064
1064
1060
1057
1054
1054
1042
1040
1040
1038
1035
1032
1028
1028
1025
1024
1024
1024
1019
1019
1018
1013
1013
1013
1002
1001
1001
997
996
992
992
989
985
985
979
979
977
977
977
974
974
969
969
967
961
960
960
960
959
957
957
953
953
950
949
949
949
949
947
947
947
945
938
937
935
933
933
933
933
933
931
931
931
929
929
929
929
929
926
923
922
922
920
920
920
920
917
916
914
914
914
914
913
912
912
910
909
908
908
908
908
906
905
905
903
903
902
901
900
899
898
897
897
896
895
895
892
891
891
891
890
890
887
886
885
175.5697147846222