1524
1505
1475
1409
1396
1381
1345
1345
1337
1329
1320
1312
1309
1304
1287
1274
1267
1265
1261
1256
1242
1225
1225
1220
1217
1212
1201
1201
1196
1192
1179
1175
1173
1172
1169
1162
1161
1160
1159
1157
1152
1149
1149
1148
1146
1146
1142
1137
1133
1132
1129
1119
1108
1105
1105
1102
1100
1100
1094
1094
1093
1093
1088
1088
1087
1087
1086
1086
1071
1071
1067
1066
1061
1061
1061
1060
1059
1059
1059
1057
1054
1054
1054
1052
1051
1047
1043
1043
1042
1041
1041
1036
1036
1033
1031
1031
1031
1027
1023
1022
1020
1019
1015
1011
1010
1010
1010
1004
1002
1000
1000
1000
999
999
995
995
990
988
987
985
983
983
982
979
979
979
975
975
975
973
967
967
966
966
966
965
962
962
962
962
960
960
959
958
958
958
958
958
956
956
955
955
955
953
952
952
951
950
949
948
947
944
944
943
943
939
939
939
939
936
936
935
934
932
932
932
931
930
928
928
928
928
927
924
924
924
923
923
922
922
921
920
920
917
916
916
916
913
913
913
183.7647304534912