1616
1545
1508
1476
1414
1371
1321
1316
1311
1311
1300
1294
1291
1275
1255
1249
1246
1244
1236
1232
1232
1217
1206
1203
1199
1190
1190
1182
1182
1177
1173
1167
1164
1157
1157
1157
1138
1138
1135
1135
1128
1126
1125
1125
1125
1122
1122
1122
1110
1108
1107
1102
1100
1099
1097
1096
1090
1090
1090
1072
1072
1071
1068
1068
1066
1062
1062
1061
1059
1056
1055
1054
1051
1051
1049
1048
1048
1045
1045
1045
1039
1037
1036
1032
1031
1030
1029
1026
1026
1025
1023
1021
1020
1020
1015
1013
1011
1009
1008
1008
1004
1004
999
997
997
995
995
992
992
992
989
989
989
988
988
985
983
982
980
980
974
973
973
973
972
972
969
968
967
965
965
965
962
959
959
958
958
955
953
953
949
947
946
946
946
946
946
946
942
941
941
937
934
934
933
933
929
929
928
928
928
926
926
926
922
921
921
920
919
919
919
916
915
914
914
913
909
909
909
909
909
909
903
903
903
900
900
899
898
898
898
896
896
893
893
893
891
890
890
890
182.2531259059906