1587
1527
1481
1432
1378
1357
1344
1333
1305
1296
1276
1252
1233
1220
1218
1214
1211
1208
1195
1187
1182
1179
1170
1167
1158
1158
1141
1140
1137
1127
1118
1111
1109
1106
1100
1100
1095
1095
1093
1093
1088
1085
1085
1083
1079
1078
1078
1078
1077
1077
1073
1073
1070
1068
1067
1066
1066
1066
1066
1066
1066
1063
1062
1062
1056
1050
1050
1049
1049
1048
1048
1048
1048
1046
1043
1040
1040
1039
1039
1039
1037
1037
1036
1036
1030
1030
1029
1029
1029
1029
1029
1029
1022
1022
1020
1019
1019
1015
1014
1008
1007
1007
1007
1006
1006
1003
1003
1003
1003
1003
1003
999
999
999
993
990
989
989
988
988
988
988
988
983
982
980
980
978
978
976
976
974
973
973
972
972
969
969
969
969
969
966
966
965
965
963
963
961
961
961
961
961
961
961
961
958
956
953
953
953
953
951
951
951
951
950
950
946
945
945
945
938
933
933
932
931
930
930
927
927
927
925
925
924
923
923
923
922
922
922
920
920
920
920
920
918
916
913
913
913
185.19006896018982