1673
1506
1442
1395
1394
1377
1363
1354
1329
1329
1298
1285
1280
1275
1270
1248
1248
1232
1231
1228
1225
1224
1218
1215
1212
1203
1198
1197
1197
1190
1189
1189
1173
1165
1160
1159
1154
1152
1150
1150
1138
1137
1134
1128
1126
1121
1116
1113
1108
1104
1101
1101
1097
1096
1093
1093
1086
1084
1084
1078
1078
1076
1073
1073
1065
1063
1058
1054
1054
1054
1054
1050
1047
1040
1040
1036
1035
1034
1034
1033
1033
1033
1029
1028
1025
1025
1025
1024
1024
1024
1024
1019
1019
1019
1014
1010
1008
1008
1007
1004
1004
1004
1004
997
996
996
996
992
992
992
992
989
988
983
983
983
977
977
973
971
971
969
969
967
967
965
964
962
961
961
957
957
954
954
950
950
949
949
948
948
947
945
945
944
943
941
941
939
939
939
936
934
932
930
929
928
924
922
922
921
918
918
918
916
912
911
911
910
909
907
907
907
903
901
900
900
900
896
895
895
895
893
892
892
890
888
888
888
888
887
887
884
884
884
884
884
883
883
883
883
186.3983290195465