1686
1511
1450
1385
1360
1325
1314
1307
1289
1283
1275
1263
1257
1250
1246
1228
1211
1208
1208
1203
1201
1185
1185
1178
1173
1169
1164
1155
1149
1149
1142
1141
1141
1133
1130
1129
1128
1128
1128
1121
1121
1113
1113
1113
1104
1098
1095
1095
1090
1088
1086
1082
1080
1076
1076
1073
1073
1064
1060
1058
1057
1057
1057
1055
1052
1050
1049
1042
1042
1042
1040
1040
1039
1035
1032
1031
1031
1030
1030
1028
1028
1028
1028
1024
1024
1024
1021
1018
1018
1016
1015
1013
1013
1006
1005
1001
1001
999
990
987
987
982
982
982
980
980
977
975
971
971
971
967
966
965
963
962
959
959
956
954
954
953
950
945
943
942
942
940
937
935
933
932
929
927
925
924
923
921
921
919
919
916
915
915
912
912
912
911
909
909
909
908
907
907
905
904
903
903
902
901
900
897
895
895
894
893
892
892
892
892
888
888
888
886
885
885
882
882
882
881
881
879
878
876
876
876
874
873
872
872
872
871
870
868
866
866
866
865
865
859
174.06350207328796