1484
1460
1433
1406
1388
1341
1328
1318
1309
1287
1276
1264
1256
1244
1244
1240
1239
1233
1224
1215
1215
1208
1208
1207
1199
1194
1192
1189
1189
1177
1177
1175
1170
1169
1168
1164
1164
1164
1160
1153
1152
1150
1149
1148
1145
1139
1137
1137
1132
1127
1126
1126
1126
1116
1116
1116
1106
1106
1097
1096
1093
1087
1084
1082
1079
1077
1077
1073
1073
1069
1069
1069
1061
1059
1059
1055
1055
1053
1051
1051
1051
1051
1047
1043
1043
1041
1041
1041
1041
1039
1039
1036
1034
1030
1027
1027
1023
1020
1020
1017
1016
1014
1014
1010
1010
1009
1009
1009
1008
1006
999
999
998
993
993
990
989
988
985
984
984
984
984
984
984
980
980
979
979
975
974
974
974
970
967
967
966
964
961
961
961
955
954
952
952
952
952
951
951
949
949
945
945
943
943
943
942
941
941
941
940
938
936
933
933
933
933
933
932
932
932
931
931
927
926
925
925
925
925
925
923
922
921
921
919
919
918
918
916
915
914
914
914
914
914
914
910
907
907
904
197.98283171653748