1640
1505
1498
1467
1442
1390
1347
1346
1331
1316
1306
1298
1296
1296
1278
1258
1242
1226
1223
1215
1204
1198
1195
1194
1194
1183
1174
1169
1166
1164
1158
1151
1149
1147
1147
1135
1134
1132
1129
1125
1119
1119
1115
1112
1107
1101
1098
1098
1094
1090
1085
1083
1080
1078
1078
1068
1059
1059
1047
1042
1038
1038
1038
1034
1034
1031
1027
1023
1023
1022
1019
1016
1012
1011
1011
1011
1007
1007
1007
1005
1005
1005
1005
999
998
998
996
995
995
995
995
990
989
987
987
984
983
980
979
978
976
976
976
976
976
976
975
975
975
973
973
973
973
973
973
972
972
972
971
971
971
970
969
968
968
968
968
968
967
967
964
959
959
959
959
959
958
958
958
957
957
955
955
955
951
949
949
949
948
948
946
945
945
944
941
941
941
940
937
937
936
931
931
931
931
930
929
929
929
925
922
919
918
916
916
916
916
916
916
915
915
914
913
913
912
910
909
909
909
908
907
907
906
905
903
903
903
900
897
895
190.79522919654846