1567
1502
1476
1426
1412
1386
1372
1368
1365
1349
1333
1304
1304
1304
1284
1271
1259
1259
1249
1241
1237
1228
1222
1222
1211
1208
1205
1203
1197
1188
1181
1173
1168
1164
1150
1146
1143
1138
1137
1134
1131
1128
1124
1121
1121
1113
1108
1105
1105
1105
1093
1090
1088
1085
1085
1084
1082
1082
1080
1077
1075
1074
1072
1070
1070
1067
1057
1057
1053
1053
1049
1049
1042
1039
1039
1038
1033
1031
1031
1031
1023
1022
1022
1020
1015
1015
1015
1015
1013
1013
1013
1012
1009
1009
1009
1009
1007
1007
1007
1007
1006
1006
1006
1002
1000
998
996
995
994
991
991
990
989
988
988
988
988
988
986
983
983
982
982
982
982
980
979
979
978
978
978
978
976
974
974
973
972
972
972
971
970
969
969
967
967
965
965
963
963
961
960
958
956
955
954
953
950
950
946
946
946
946
946
943
941
941
941
941
941
941
940
940
940
938
938
938
938
938
938
937
937
937
934
931
930
927
927
925
925
925
924
921
920
919
917
915
914
914
914
914
176.30617308616638