1620
1559
1517
1459
1422
1405
1393
1371
1361
1345
1329
1311
1292
1287
1282
1263
1253
1242
1241
1231
1228
1228
1201
1198
1198
1189
1181
1175
1175
1175
1174
1170
1169
1169
1163
1159
1156
1153
1152
1149
1145
1145
1133
1128
1121
1113
1111
1107
1104
1100
1097
1097
1095
1095
1095
1091
1091
1085
1081
1079
1078
1072
1070
1065
1062
1062
1058
1053
1042
1040
1036
1034
1032
1031
1030
1026
1026
1025
1025
1022
1022
1022
1016
1016
1016
1016
1012
1008
1008
1004
1002
1000
999
999
999
999
989
989
989
986
986
985
985
984
982
981
981
979
979
975
975
974
971
969
968
967
967
967
963
963
962
962
961
961
960
958
958
957
956
956
956
953
953
951
950
950
949
949
949
947
946
944
943
943
942
939
936
935
932
932
929
928
927
927
927
926
926
926
925
925
925
924
922
920
920
919
916
915
913
911
910
906
901
901
901
901
899
896
894
894
894
892
891
890
888
887
887
886
886
884
883
883
882
880
879
878
877
877
876
874
177.42697310447693