1558
1473
1450
1425
1359
1353
1334
1301
1273
1262
1250
1223
1215
1206
1201
1201
1197
1196
1195
1189
1180
1180
1177
1175
1170
1169
1169
1159
1149
1147
1139
1138
1123
1121
1121
1119
1118
1114
1109
1109
1109
1105
1103
1096
1096
1093
1089
1089
1089
1087
1087
1084
1084
1080
1080
1080
1078
1077
1077
1075
1074
1072
1072
1070
1063
1062
1062
1060
1059
1056
1056
1054
1049
1049
1048
1048
1041
1040
1040
1032
1032
1032
1032
1031
1031
1031
1030
1030
1030
1029
1027
1027
1026
1026
1024
1023
1023
1020
1016
1016
1012
1011
1011
1011
1011
1011
1008
1007
1004
1003
999
998
998
995
995
995
990
990
988
987
987
987
987
986
985
980
980
978
978
977
974
974
973
972
970
970
968
968
968
967
966
965
964
964
962
962
959
959
957
957
957
955
955
954
954
954
953
948
947
947
945
944
942
941
940
940
940
939
937
937
935
935
935
935
935
934
931
929
929
928
927
927
926
926
926
923
922
920
918
917
916
915
912
912
912
911
910
910
910
910
183.79713129997253