1514
1475
1443
1436
1424
1398
1389
1378
1363
1349
1317
1287
1268
1255
1255
1255
1253
1238
1238
1223
1221
1221
1214
1214
1210
1206
1204
1195
1188
1184
1183
1178
1176
1173
1170
1163
1163
1162
1159
1158
1157
1155
1151
1151
1144
1144
1138
1133
1131
1131
1129
1125
1118
1118
1114
1113
1113
1111
1111
1111
1109
1108
1107
1105
1105
1101
1099
1099
1099
1099
1099
1099
1094
1088
1087
1083
1082
1082
1079
1079
1077
1075
1072
1065
1065
1065
1064
1063
1063
1059
1056
1056
1056
1052
1051
1050
1050
1047
1045
1045
1044
1043
1035
1035
1030
1030
1029
1029
1028
1027
1024
1018
1013
1011
1010
1010
1010
1009
1008
1008
1003
1003
999
996
996
992
989
989
989
989
989
987
987
986
986
984
982
980
978
976
976
968
968
968
966
965
964
964
964
963
958
957
956
955
955
950
950
946
946
946
944
944
942
942
942
940
940
940
938
937
936
934
932
932
931
930
930
930
928
928
928
928
923
921
921
921
919
916
916
913
913
913
909
909
905
905
905
905
905
903
170.31875157356262