1566
1515
1480
1452
1380
1367
1367
1350
1320
1291
1270
1270
1261
1256
1254
1250
1244
1234
1225
1218
1212
1209
1209
1201
1196
1180
1168
1160
1154
1153
1151
1150
1150
1146
1141
1141
1133
1133
1133
1124
1123
1123
1123
1119
1115
1113
1113
1112
1111
1109
1105
1104
1102
1102
1100
1100
1097
1094
1091
1091
1087
1086
1081
1077
1077
1072
1068
1068
1068
1067
1067
1067
1065
1064
1063
1063
1061
1055
1053
1051
1045
1044
1044
1040
1037
1032
1032
1025
1023
1023
1023
1020
1020
1015
1015
1015
1011
1009
1008
1002
1002
1000
999
998
998
998
996
996
994
994
991
990
990
988
988
982
982
978
977
974
974
973
973
969
968
964
963
962
961
960
959
959
959
959
955
955
955
955
954
953
952
952
949
949
947
945
945
944
943
943
943
942
941
941
936
936
934
933
931
929
929
929
929
926
925
923
923
923
922
922
920
920
918
916
915
914
914
914
914
914
914
911
909
909
906
906
906
905
903
903
901
899
897
895
895
895
895
894
894
891
180.01024866104126