1386
1357
1352
1321
1310
1265
1259
1255
1252
1250
1248
1242
1236
1230
1222
1216
1212
1209
1203
1199
1193
1193
1180
1172
1161
1161
1161
1161
1147
1144
1141
1141
1130
1130
1127
1127
1127
1125
1123
1120
1109
1107
1104
1102
1102
1100
1096
1096
1094
1090
1086
1085
1081
1077
1074
1074
1074
1074
1074
1065
1064
1064
1064
1062
1059
1056
1056
1054
1054
1051
1051
1050
1049
1049
1048
1045
1044
1043
1037
1037
1034
1034
1024
1023
1023
1023
1017
1017
1015
1015
1012
1011
1011
1009
1005
1004
1002
1000
1000
1000
1000
1000
1000
1000
1000
997
996
994
994
991
990
990
989
988
986
986
984
984
984
981
981
979
978
978
971
970
970
969
966
965
961
961
961
960
960
960
960
959
958
958
958
958
956
955
954
953
953
953
952
952
952
950
950
949
949
949
946
942
942
941
941
940
940
940
940
940
939
938
934
933
933
931
930
930
928
928
927
927
927
925
922
919
917
915
914
912
911
910
909
907
904
903
903
902
902
902
902
902
899
896
190.8434658050537