1606
1582
1547
1507
1464
1449
1415
1377
1349
1344
1336
1327
1311
1311
1289
1277
1277
1266
1254
1250
1240
1233
1229
1219
1218
1212
1207
1203
1193
1187
1184
1181
1181
1179
1171
1171
1171
1154
1152
1151
1151
1146
1146
1146
1142
1142
1140
1134
1122
1117
1117
1114
1113
1111
1111
1111
1101
1100
1095
1090
1084
1078
1078
1065
1064
1064
1064
1064
1062
1061
1061
1059
1059
1059
1059
1043
1043
1042
1042
1040
1037
1032
1031
1031
1029
1028
1026
1022
1021
1019
1018
1017
1015
1015
1015
1015
1014
1013
1011
1005
1004
1002
1002
1002
997
997
996
995
987
976
976
976
974
970
969
969
967
967
967
965
961
961
959
959
959
959
958
958
958
956
955
955
955
952
952
950
949
949
948
945
945
942
942
940
940
939
939
937
936
935
935
934
934
934
932
931
930
930
929
929
929
929
927
927
927
927
927
927
926
926
925
924
924
924
924
924
924
922
921
920
919
918
918
917
917
917
917
915
915
915
914
914
914
912
912
912
911
911
908
907
177.34797644615173