1734
1626
1579
1471
1439
1408
1390
1369
1362
1350
1332
1326
1310
1306
1299
1288
1275
1265
1254
1247
1235
1223
1209
1207
1207
1205
1199
1196
1191
1189
1187
1183
1183
1183
1181
1175
1170
1166
1166
1164
1159
1153
1149
1149
1149
1148
1140
1137
1137
1133
1131
1130
1120
1118
1117
1117
1117
1106
1105
1100
1100
1095
1088
1086
1085
1082
1079
1071
1069
1069
1069
1064
1064
1057
1057
1054
1049
1048
1046
1045
1045
1044
1043
1039
1039
1034
1034
1029
1025
1021
1019
1016
1010
1007
1007
1005
1004
1003
1003
998
992
992
990
990
985
985
982
982
980
978
976
973
972
972
971
970
970
970
967
965
963
962
962
959
959
959
956
955
954
954
951
951
948
948
948
947
947
947
943
942
942
942
941
941
940
939
939
939
939
938
937
936
933
932
929
928
927
926
926
925
924
921
921
919
919
917
916
915
914
912
909
907
906
906
904
902
902
902
900
899
899
895
891
891
888
888
888
884
882
882
880
880
878
878
876
876
876
873
872
872
190.0446059703827