1473
1418
1409
1394
1378
1351
1325
1306
1306
1300
1296
1294
1289
1286
1283
1275
1271
1265
1254
1254
1242
1242
1242
1239
1229
1221
1202
1200
1200
1187
1182
1180
1176
1173
1173
1167
1165
1165
1160
1152
1151
1143
1143
1143
1137
1137
1127
1122
1120
1119
1111
1111
1105
1102
1101
1098
1094
1094
1094
1094
1094
1094
1093
1093
1086
1083
1081
1080
1080
1073
1072
1068
1068
1068
1063
1062
1058
1058
1058
1050
1049
1047
1047
1046
1044
1044
1043
1037
1037
1037
1034
1032
1030
1027
1025
1025
1024
1024
1023
1020
1017
1017
1017
1015
1013
1011
1011
1011
1011
1011
1009
1009
1007
1006
1006
1006
1006
1004
1003
1002
1001
1000
1000
1000
1000
997
997
993
991
988
987
987
987
987
983
981
981
979
979
976
973
973
971
971
971
967
965
965
963
962
962
957
957
957
957
957
956
956
956
951
950
949
949
948
948
948
945
945
944
944
943
943
943
943
943
939
939
934
934
934
931
930
930
930
930
930
929
929
929
929
928
927
926
925
925
921
919
919
918
918
178.21797037124634