1723
1627
1479
1477
1413
1396
1384
1380
1368
1368
1318
1304
1298
1294
1294
1286
1280
1278
1275
1262
1254
1253
1243
1240
1236
1231
1230
1223
1219
1207
1206
1177
1168
1164
1164
1163
1163
1153
1153
1147
1145
1135
1131
1128
1128
1121
1121
1121
1117
1115
1113
1113
1113
1111
1111
1111
1109
1104
1099
1095
1093
1091
1091
1090
1087
1083
1083
1081
1080
1079
1079
1079
1079
1079
1071
1068
1067
1066
1066
1066
1066
1066
1064
1060
1058
1057
1057
1057
1056
1056
1052
1051
1046
1044
1044
1036
1033
1033
1032
1029
1028
1028
1026
1026
1026
1020
1020
1018
1018
1014
1014
1013
1013
1013
1013
1011
1008
1005
1005
1004
1003
1000
999
999
993
990
989
989
989
987
987
987
986
986
986
986
986
984
984
984
984
981
978
978
977
973
972
972
970
970
970
970
969
969
969
966
966
964
963
963
962
961
961
961
961
961
959
959
959
957
956
956
956
956
956
956
951
950
950
948
948
948
948
947
947
946
946
946
945
945
944
944
944
939
939
939
939
937
937
935
174.44514894485474