1666
1556
1539
1447
1426
1411
1395
1381
1374
1359
1354
1344
1323
1311
1304
1296
1296
1295
1289
1270
1260
1260
1256
1253
1253
1229
1229
1217
1209
1203
1196
1192
1191
1191
1183
1180
1170
1169
1169
1161
1161
1158
1158
1158
1156
1152
1145
1141
1138
1135
1133
1120
1118
1117
1117
1117
1114
1111
1111
1109
1105
1101
1099
1097
1093
1091
1089
1089
1086
1086
1084
1083
1078
1078
1077
1074
1073
1073
1073
1071
1069
1065
1064
1061
1058
1056
1055
1049
1049
1046
1046
1044
1044
1044
1041
1040
1036
1034
1032
1028
1023
1023
1019
1019
1015
1011
1011
1011
1009
1009
1009
1006
1005
1001
998
996
996
993
993
988
986
985
984
984
983
979
979
979
979
971
969
967
966
966
965
963
959
959
956
955
955
955
949
949
944
944
943
942
940
939
936
934
933
932
931
931
929
928
924
924
923
920
920
919
916
916
916
912
911
909
909
907
907
906
905
904
904
903
902
899
899
897
897
896
896
895
893
893
893
890
889
889
889
888
888
887
887
887
885
885
189.87839126586914