1578
1516
1453
1416
1412
1398
1372
1342
1342
1293
1279
1261
1261
1260
1250
1250
1239
1223
1218
1217
1200
1185
1185
1185
1172
1168
1164
1162
1154
1154
1151
1146
1143
1139
1139
1133
1125
1123
1117
1115
1114
1111
1105
1105
1098
1096
1096
1092
1092
1092
1088
1083
1080
1078
1075
1075
1071
1069
1067
1063
1063
1054
1051
1045
1044
1042
1041
1037
1037
1037
1037
1027
1027
1026
1026
1023
1019
1019
1015
1012
1012
1012
1012
1009
1009
1006
1005
1004
1004
1003
1003
1003
1001
1001
1000
999
999
998
998
998
994
993
993
993
993
993
988
988
988
988
988
985
985
984
982
981
979
978
978
978
978
977
976
975
974
974
972
972
972
968
963
961
961
961
961
959
959
959
958
956
953
952
952
952
950
950
949
948
948
947
947
945
945
945
945
942
940
940
939
939
939
939
939
936
935
933
933
932
930
930
930
930
929
929
929
926
926
926
925
925
923
923
922
922
922
922
922
922
920
919
919
916
915
915
915
911
911
909
909
909
178.57992267608643