1506
1448
1413
1395
1374
1359
1349
1335
1329
1329
1324
1297
1293
1289
1281
1281
1238
1232
1230
1225
1222
1217
1213
1207
1205
1204
1195
1195
1187
1181
1181
1171
1167
1163
1162
1156
1153
1152
1150
1149
1149
1149
1149
1138
1133
1130
1130
1128
1128
1127
1121
1118
1112
1111
1106
1106
1106
1097
1095
1090
1086
1085
1079
1079
1079
1074
1071
1071
1071
1065
1064
1053
1053
1048
1043
1042
1042
1042
1041
1038
1038
1038
1032
1030
1028
1028
1028
1024
1023
1023
1022
1022
1021
1021
1021
1019
1019
1016
1014
1014
1012
1012
1011
1011
1011
1011
1011
1007
1006
1006
1006
1002
1001
1001
996
994
994
994
993
993
988
987
987
985
985
982
981
981
978
976
975
974
974
974
972
972
972
972
970
964
960
960
958
958
958
958
957
957
957
956
956
956
954
952
951
951
949
949
948
947
947
946
945
944
944
944
942
942
941
941
941
941
941
941
940
939
938
938
938
937
937
934
933
932
930
928
928
926
924
924
923
923
923
922
921
921
921
919
916
916
175.65085768699646