1465
1433
1397
1379
1379
1370
1356
1353
1342
1318
1317
1306
1287
1276
1269
1262
1253
1251
1243
1240
1228
1228
1212
1206
1206
1200
1196
1192
1188
1187
1185
1176
1171
1168
1164
1158
1153
1152
1149
1149
1144
1144
1142
1133
1133
1127
1119
1111
1111
1105
1104
1101
1096
1096
1096
1096
1089
1087
1084
1084
1082
1081
1079
1078
1076
1068
1068
1065
1065
1065
1062
1059
1058
1058
1058
1052
1051
1048
1047
1047
1047
1047
1040
1038
1035
1028
1028
1028
1028
1028
1022
1022
1022
1018
1017
1016
1014
1013
1013
1013
1013
1007
1006
1006
1006
1006
999
997
997
990
990
990
986
986
986
986
984
983
978
976
975
971
971
969
966
965
963
961
961
960
960
960
960
960
955
953
953
953
945
945
945
945
944
944
942
942
941
940
940
937
937
933
933
932
931
931
931
931
930
930
929
928
927
927
925
925
923
923
921
917
917
917
917
917
917
917
915
914
914
913
913
913
913
913
912
912
911
910
910
910
909
909
907
907
903
903
902
902
901
901
194.0799536705017