1572
1539
1459
1447
1418
1406
1406
1365
1355
1350
1343
1336
1318
1284
1280
1280
1280
1265
1263
1251
1241
1238
1233
1220
1219
1219
1219
1219
1219
1198
1191
1186
1185
1183
1174
1162
1159
1158
1157
1157
1154
1151
1150
1149
1148
1148
1148
1148
1144
1144
1138
1138
1126
1124
1123
1117
1114
1111
1100
1099
1098
1094
1092
1091
1089
1083
1080
1077
1073
1067
1062
1062
1062
1057
1057
1045
1045
1045
1038
1036
1035
1033
1033
1033
1033
1028
1028
1021
1021
1020
1017
1017
1016
1015
1015
1015
1010
1010
1005
1005
1005
1005
1005
1003
1002
1002
1001
1001
1001
1000
1000
1000
993
990
990
989
989
985
984
984
981
981
980
977
977
975
974
970
970
970
970
969
969
969
967
967
966
965
965
965
965
965
965
964
964
962
962
954
949
948
948
948
948
944
944
942
941
941
940
940
940
939
938
936
936
936
934
934
933
933
932
930
930
930
927
926
926
925
924
924
923
923
922
922
922
922
920
920
920
920
920
920
920
920
920
917
917
917
914
914
204.593003988266