1481
1397
1397
1373
1355
1339
1335
1328
1312
1298
1293
1285
1285
1271
1258
1251
1237
1230
1226
1224
1220
1211
1204
1198
1194
1190
1185
1185
1185
1175
1172
1163
1163
1157
1155
1151
1148
1144
1142
1134
1133
1133
1130
1126
1124
1118
1117
1115
1115
1111
1111
1111
1107
1106
1104
1104
1103
1102
1102
1098
1095
1094
1092
1089
1087
1087
1082
1079
1077
1077
1077
1077
1075
1075
1075
1075
1070
1069
1069
1068
1066
1066
1066
1061
1061
1047
1047
1047
1044
1042
1041
1041
1035
1033
1031
1031
1031
1029
1023
1023
1021
1020
1020
1020
1018
1018
1018
1013
1013
1013
1007
1003
1002
1001
1000
1000
997
997
992
992
988
986
985
984
983
983
983
981
981
981
976
973
970
966
965
964
962
962
962
959
956
956
956
956
956
950
945
945
940
939
939
939
939
937
936
936
936
930
928
926
922
921
921
918
918
913
913
911
908
908
908
907
906
904
904
902
902
902
901
901
897
897
893
892
892
892
892
891
890
890
889
889
885
885
884
883
882
882
882
882
182.9516818523407