1620
1552
1500
1425
1413
1395
1363
1348
1346
1340
1320
1312
1302
1302
1296
1293
1286
1280
1272
1262
1247
1246
1240
1232
1208
1203
1195
1186
1178
1172
1172
1148
1144
1142
1130
1130
1129
1126
1115
1109
1109
1104
1104
1099
1099
1096
1093
1093
1091
1091
1089
1089
1083
1081
1081
1080
1080
1076
1076
1073
1070
1068
1068
1066
1066
1066
1066
1061
1061
1057
1057
1054
1054
1049
1049
1048
1045
1045
1042
1039
1036
1035
1033
1029
1026
1026
1023
1023
1023
1018
1012
1010
1008
1005
1005
1004
1003
1002
1002
998
996
994
992
990
990
988
988
985
985
985
985
982
982
982
979
979
978
977
977
977
974
974
972
971
969
967
967
964
963
963
963
963
963
963
960
958
958
958
958
958
956
955
954
952
952
951
950
950
949
949
949
949
948
948
945
945
943
943
943
943
943
940
940
940
940
939
939
939
938
938
938
935
935
935
935
935
935
934
934
934
931
931
931
927
926
925
924
924
920
918
918
918
917
917
913
913
913
911
911
911
177.01076650619507