1756
1581
1521
1467
1435
1386
1370
1347
1321
1307
1285
1265
1255
1248
1234
1216
1207
1195
1195
1186
1185
1183
1183
1182
1179
1177
1168
1158
1158
1151
1151
1144
1142
1139
1134
1131
1130
1128
1127
1127
1123
1123
1121
1114
1111
1111
1109
1109
1106
1106
1100
1100
1099
1098
1094
1093
1090
1089
1085
1085
1079
1077
1076
1072
1072
1070
1070
1063
1061
1057
1057
1055
1052
1052
1052
1051
1050
1048
1048
1044
1043
1038
1036
1032
1032
1031
1030
1030
1030
1027
1026
1021
1019
1018
1018
1018
1017
1017
1015
1015
1015
1015
1014
1014
1011
1009
1009
1003
1003
1002
1000
997
995
995
994
994
993
991
990
988
988
987
987
983
982
982
982
982
981
979
978
974
973
973
973
972
972
971
968
968
966
966
962
962
959
959
959
959
956
956
956
954
954
954
954
952
952
951
951
951
951
951
951
950
950
948
948
948
947
947
947
945
945
944
942
942
942
940
939
939
939
939
937
935
935
935
935
935
935
935
933
933
933
930
930
927
927
926
925
924
174.83942127227783