1450
1426
1400
1372
1352
1337
1316
1316
1316
1305
1292
1277
1269
1264
1264
1260
1253
1247
1240
1240
1235
1223
1222
1222
1214
1214
1209
1208
1201
1199
1190
1187
1187
1185
1182
1182
1175
1165
1159
1159
1156
1156
1156
1139
1138
1128
1122
1120
1120
1120
1117
1117
1115
1112
1111
1110
1110
1110
1104
1103
1097
1097
1097
1097
1097
1091
1091
1090
1084
1083
1083
1081
1081
1080
1077
1076
1076
1076
1076
1076
1075
1072
1067
1064
1063
1062
1062
1059
1059
1055
1053
1053
1052
1052
1049
1049
1049
1047
1047
1045
1045
1044
1042
1042
1042
1040
1039
1037
1036
1034
1033
1033
1030
1030
1025
1022
1022
1022
1017
1016
1016
1015
1013
1011
1011
1010
1008
1008
1005
1005
1002
1001
1001
1001
998
998
998
997
997
991
991
990
989
989
988
985
985
982
982
982
980
979
977
977
976
976
975
973
973
973
973
973
973
969
966
966
962
961
961
961
961
961
959
959
957
957
957
957
955
955
953
952
952
951
950
950
947
947
947
946
946
943
942
941
940
939
936
936
936
935
172.62235403060913