1778
1542
1493
1447
1435
1409
1402
1390
1370
1362
1354
1342
1321
1303
1300
1295
1286
1286
1285
1272
1270
1258
1253
1250
1248
1248
1232
1200
1192
1180
1177
1176
1170
1164
1162
1162
1162
1154
1146
1142
1140
1140
1137
1135
1134
1126
1126
1121
1121
1120
1115
1111
1111
1106
1104
1104
1103
1102
1094
1090
1090
1085
1081
1075
1075
1074
1072
1066
1063
1061
1059
1055
1054
1054
1052
1052
1052
1046
1045
1041
1037
1034
1034
1031
1027
1026
1026
1026
1024
1021
1018
1018
1016
1012
1009
1004
1003
1003
1003
1003
991
991
991
991
986
986
986
985
983
983
980
979
978
977
977
977
976
974
972
971
969
969
968
967
961
960
960
960
960
960
958
958
958
956
955
954
954
953
953
953
953
953
952
951
950
949
948
948
945
944
944
944
944
941
941
940
939
939
937
937
934
934
932
932
931
931
931
930
930
930
927
926
926
923
923
922
922
922
920
920
918
917
914
913
912
911
911
911
910
910
910
909
909
909
908
908
906
906
906
906
180.54350399971008