1665
1490
1473
1418
1402
1394
1376
1373
1366
1360
1342
1315
1292
1290
1280
1273
1260
1247
1240
1233
1221
1221
1196
1195
1195
1187
1187
1181
1176
1164
1160
1154
1154
1148
1146
1144
1144
1141
1132
1124
1123
1115
1114
1113
1113
1111
1111
1101
1096
1093
1093
1093
1091
1089
1089
1089
1085
1084
1083
1083
1083
1080
1074
1074
1074
1074
1074
1074
1068
1065
1064
1064
1062
1060
1059
1054
1050
1047
1046
1044
1044
1038
1037
1034
1033
1031
1031
1025
1022
1020
1019
1016
1016
1012
1008
1008
1004
1004
1002
1002
1000
1000
996
995
990
987
984
984
984
984
982
982
979
977
976
972
971
969
969
968
967
965
963
958
958
956
956
954
954
954
954
954
951
947
947
945
945
943
943
942
941
938
937
937
937
935
935
934
934
933
931
929
929
929
928
926
926
926
926
926
924
923
923
920
920
920
920
916
916
916
916
912
911
911
911
911
911
911
911
911
911
911
907
905
905
904
904
904
903
894
894
892
892
891
891
890
890
889
888
888
167.9305830001831