1624
1495
1394
1350
1343
1319
1319
1319
1310
1299
1287
1282
1253
1253
1253
1240
1237
1237
1227
1223
1223
1214
1209
1207
1205
1204
1198
1193
1193
1191
1179
1176
1158
1158
1146
1138
1134
1134
1134
1134
1134
1134
1124
1124
1123
1121
1121
1121
1119
1116
1116
1107
1103
1103
1101
1100
1098
1098
1097
1093
1090
1090
1084
1084
1084
1084
1084
1084
1084
1082
1082
1076
1074
1074
1072
1072
1072
1068
1067
1067
1067
1067
1067
1060
1059
1055
1055
1051
1051
1051
1051
1051
1051
1048
1048
1048
1047
1046
1046
1045
1045
1043
1043
1042
1040
1039
1036
1033
1033
1032
1032
1029
1028
1027
1027
1027
1025
1025
1025
1022
1022
1021
1021
1021
1021
1019
1019
1019
1019
1019
1017
1017
1015
1015
1015
1012
1010
1007
1006
1006
1006
1006
1004
1004
1001
1001
1000
1000
999
997
996
996
994
992
992
991
991
991
988
988
986
986
984
984
984
980
980
979
977
976
975
975
975
973
973
973
972
972
972
969
969
969
969
969
968
968
966
965
964
964
960
960
960
960
959
959
958
958
958
958
182.3990638256073