1520
1488
1400
1387
1367
1346
1318
1299
1284
1272
1251
1237
1227
1225
1220
1214
1204
1196
1191
1191
1191
1180
1174
1171
1170
1170
1170
1167
1166
1161
1161
1154
1153
1153
1153
1137
1137
1137
1137
1127
1127
1125
1121
1121
1121
1121
1120
1120
1118
1118
1113
1111
1110
1108
1105
1104
1102
1098
1097
1094
1092
1090
1089
1089
1088
1088
1086
1080
1079
1079
1076
1076
1075
1073
1073
1072
1068
1066
1066
1063
1061
1061
1058
1058
1055
1050
1049
1049
1046
1046
1046
1043
1040
1040
1039
1033
1033
1033
1033
1031
1030
1030
1029
1029
1029
1027
1027
1025
1023
1021
1019
1019
1015
1015
1015
1013
1012
1011
1011
1008
1008
1005
1003
1003
1002
1002
1002
999
995
993
992
992
992
990
990
990
989
987
987
987
987
985
985
982
982
981
981
981
979
977
973
972
969
969
966
966
965
963
963
963
963
963
955
955
952
949
949
949
945
945
943
942
940
940
939
939
939
937
935
935
935
934
934
933
932
931
931
931
931
926
926
923
923
923
923
921
921
921
920
920
199.31878399848938