1726
1528
1459
1411
1404
1396
1346
1320
1293
1289
1289
1283
1280
1279
1258
1254
1243
1241
1239
1232
1232
1220
1218
1217
1203
1202
1198
1192
1186
1181
1174
1165
1165
1146
1146
1146
1138
1138
1134
1131
1128
1124
1116
1115
1098
1095
1095
1088
1079
1077
1076
1071
1071
1071
1060
1060
1059
1058
1058
1056
1054
1051
1050
1048
1048
1045
1038
1034
1031
1030
1030
1028
1026
1026
1024
1022
1019
1018
1018
1017
1017
1017
1012
1011
1009
999
998
995
988
986
986
981
980
980
975
975
971
970
967
967
966
964
964
964
963
962
961
961
959
959
956
955
954
951
946
946
946
944
944
940
940
939
936
935
930
930
930
927
927
927
923
923
920
916
915
914
914
914
914
914
914
914
914
914
911
911
908
908
908
907
906
906
906
904
904
903
903
902
902
901
901
899
899
899
899
899
899
899
895
894
894
893
891
890
890
889
888
888
888
887
887
887
886
885
885
885
885
883
882
880
880
880
880
879
878
878
878
877
877
877
178.78963661193848