1588
1536
1515
1472
1455
1434
1380
1352
1344
1326
1306
1292
1292
1279
1274
1265
1260
1251
1232
1229
1220
1220
1209
1199
1199
1180
1177
1172
1165
1158
1151
1151
1149
1144
1141
1135
1133
1125
1124
1116
1111
1108
1107
1107
1105
1102
1096
1094
1090
1089
1081
1079
1079
1079
1079
1073
1068
1065
1062
1062
1058
1057
1053
1050
1050
1050
1047
1046
1044
1042
1041
1041
1041
1038
1036
1032
1031
1031
1031
1027
1024
1021
1020
1019
1018
1018
1018
1018
1017
1016
1016
1016
1013
1013
1013
1011
1011
1009
1009
1008
1007
1006
1005
1005
1005
1003
1003
1003
1003
992
992
992
992
987
985
983
983
981
981
980
978
978
973
971
971
971
971
970
970
970
969
967
966
964
962
960
960
960
959
959
959
959
958
957
956
956
956
956
956
955
955
955
955
954
954
953
953
953
953
953
952
952
951
951
949
949
945
944
944
941
940
938
938
938
938
935
934
934
934
934
931
931
930
930
928
928
928
928
926
926
926
924
924
923
923
923
920
919
919
919
187.79508423805237