1575
1510
1492
1437
1399
1379
1339
1337
1337
1327
1323
1292
1283
1283
1278
1264
1259
1252
1251
1250
1249
1237
1233
1223
1209
1209
1193
1191
1184
1177
1175
1174
1169
1169
1168
1163
1160
1160
1157
1149
1148
1136
1133
1126
1121
1121
1121
1121
1121
1120
1120
1120
1120
1113
1113
1113
1109
1106
1104
1103
1098
1098
1094
1094
1089
1085
1085
1082
1076
1074
1074
1072
1071
1071
1070
1067
1066
1059
1058
1053
1052
1052
1049
1047
1047
1044
1043
1043
1041
1039
1038
1036
1036
1035
1034
1032
1032
1031
1031
1027
1027
1026
1025
1024
1022
1021
1019
1019
1019
1017
1016
1013
1009
1009
1009
1009
1005
1005
998
998
997
993
992
992
990
987
987
987
986
986
985
984
984
980
977
977
977
976
974
972
972
972
971
971
971
969
969
969
969
969
969
964
963
961
956
954
953
952
952
952
952
952
952
944
944
943
943
940
939
939
939
937
937
937
937
937
937
937
937
931
928
927
923
923
921
921
919
919
919
918
918
918
917
917
916
916
916
916
916
915
177.0236554145813