1635
1484
1470
1453
1434
1397
1355
1322
1322
1311
1303
1296
1287
1275
1260
1257
1254
1246
1240
1240
1225
1224
1224
1222
1222
1218
1212
1201
1201
1190
1182
1181
1176
1174
1170
1167
1165
1165
1159
1155
1153
1151
1150
1146
1146
1145
1135
1135
1135
1133
1133
1131
1131
1125
1122
1117
1112
1107
1101
1099
1095
1095
1091
1090
1082
1079
1079
1075
1070
1070
1070
1070
1070
1068
1061
1060
1060
1059
1059
1055
1055
1052
1052
1050
1047
1047
1046
1046
1046
1042
1042
1042
1042
1042
1039
1037
1037
1037
1037
1037
1037
1037
1037
1034
1034
1034
1034
1031
1031
1029
1026
1022
1022
1019
1019
1018
1017
1017
1015
1015
1015
1015
1013
1012
1010
1010
1010
1007
1007
1005
1003
1002
1000
1000
1000
996
990
990
990
987
983
983
982
980
978
978
977
977
977
977
976
974
973
973
971
971
971
971
971
967
966
961
961
960
960
960
958
957
957
957
954
952
952
952
951
950
949
948
947
946
946
946
943
943
943
943
943
942
942
941
941
941
941
941
936
934
933
933
933
933
185.5743453502655