1636
1606
1531
1449
1432
1401
1394
1371
1337
1336
1335
1322
1314
1303
1262
1248
1235
1227
1220
1212
1200
1196
1196
1183
1179
1170
1169
1166
1156
1154
1147
1137
1128
1125
1122
1119
1119
1116
1116
1116
1114
1111
1111
1111
1108
1103
1102
1101
1101
1101
1096
1096
1089
1082
1081
1072
1068
1065
1064
1061
1061
1059
1059
1055
1051
1051
1049
1045
1045
1033
1028
1025
1025
1023
1023
1023
1023
1020
1019
1019
1019
1014
1010
1007
1007
1006
1006
1004
1004
1004
1000
1000
996
995
994
992
992
991
990
988
986
985
985
985
985
983
983
979
979
978
978
974
973
973
973
972
972
971
971
971
970
969
966
966
964
959
959
958
956
956
953
951
951
951
950
947
945
941
940
940
939
939
937
935
934
932
932
929
927
926
926
926
925
925
924
924
924
920
918
917
916
916
916
915
913
913
913
907
906
905
901
901
901
899
899
898
898
898
898
896
896
896
896
896
893
891
891
889
888
888
888
884
884
880
880
879
877
876
876
876
181.23244643211365