1675
1565
1520
1444
1417
1409
1379
1347
1320
1303
1303
1277
1267
1262
1250
1247
1230
1227
1227
1219
1217
1211
1211
1211
1200
1199
1199
1197
1192
1192
1190
1178
1172
1168
1166
1166
1163
1161
1160
1157
1157
1151
1150
1149
1148
1147
1145
1145
1144
1144
1138
1132
1130
1130
1129
1126
1126
1126
1121
1121
1116
1116
1116
1109
1109
1106
1104
1101
1101
1100
1098
1091
1090
1090
1088
1081
1077
1077
1077
1072
1069
1065
1065
1065
1065
1061
1058
1058
1057
1057
1057
1057
1056
1056
1055
1055
1055
1048
1048
1047
1046
1046
1044
1043
1042
1037
1037
1037
1037
1033
1031
1031
1023
1021
1021
1020
1020
1020
1020
1020
1015
1015
1014
1013
1011
1009
1008
1006
1005
1004
1003
1001
1001
999
996
994
994
994
990
988
988
987
984
984
983
983
983
979
978
978
977
977
977
976
976
976
976
976
975
975
975
975
971
970
970
970
967
967
967
964
964
963
961
958
956
955
953
953
952
951
949
947
946
946
945
944
944
942
941
941
940
940
939
939
938
938
935
928
928
926
170.083491563797