1624
1575
1538
1495
1468
1427
1416
1398
1385
1378
1378
1371
1354
1321
1306
1297
1296
1294
1278
1275
1271
1271
1265
1252
1240
1233
1224
1224
1211
1208
1203
1189
1188
1186
1186
1186
1184
1183
1177
1171
1162
1159
1159
1156
1151
1150
1145
1142
1134
1133
1129
1127
1124
1124
1123
1121
1120
1119
1119
1112
1107
1107
1101
1097
1097
1094
1091
1090
1090
1089
1087
1087
1081
1081
1080
1080
1080
1080
1073
1071
1069
1067
1065
1065
1062
1061
1059
1057
1056
1055
1054
1049
1048
1046
1046
1043
1042
1041
1041
1036
1036
1036
1032
1032
1032
1024
1023
1022
1021
1019
1017
1015
1012
1012
1009
1007
1006
1005
1003
1003
1003
1003
1000
998
997
995
995
994
994
994
993
990
987
986
985
981
980
980
980
978
976
974
974
973
972
971
970
966
965
964
964
963
962
961
961
960
960
958
958
955
954
954
954
954
953
950
949
948
947
947
947
947
943
940
940
937
937
937
937
937
934
931
931
930
929
929
929
926
926
925
925
925
925
925
924
924
922
921
919
919
193.7003309726715