1666
1479
1457
1437
1431
1386
1374
1369
1356
1341
1334
1331
1326
1325
1292
1284
1274
1266
1255
1240
1233
1231
1230
1228
1208
1203
1198
1198
1185
1182
1178
1175
1170
1166
1166
1166
1158
1155
1151
1151
1151
1151
1151
1131
1127
1120
1116
1113
1113
1111
1111
1106
1102
1102
1102
1101
1101
1101
1101
1101
1101
1096
1093
1092
1087
1083
1083
1079
1076
1073
1066
1066
1063
1061
1061
1061
1058
1052
1051
1048
1048
1047
1042
1042
1042
1042
1042
1042
1042
1042
1041
1041
1041
1034
1033
1033
1033
1030
1028
1024
1024
1021
1018
1016
1014
1014
1014
1013
1013
1013
1012
1011
1011
1010
1008
1007
1006
1005
1005
1004
1003
1002
1002
1002
1001
1000
1000
1000
999
998
998
998
997
997
997
994
994
994
992
992
992
992
988
986
985
982
982
982
979
978
978
978
976
974
974
971
971
971
971
968
967
967
966
965
965
965
963
962
962
961
961
960
958
957
955
954
949
949
948
948
946
945
944
944
944
944
941
941
941
939
939
936
936
933
932
931
928
927
927
923
185.08930039405823