1707
1515
1487
1450
1430
1398
1379
1362
1341
1327
1318
1315
1307
1295
1277
1270
1262
1261
1253
1251
1246
1242
1230
1226
1223
1205
1198
1188
1186
1178
1177
1167
1163
1161
1156
1151
1148
1147
1138
1135
1134
1131
1123
1119
1118
1114
1102
1100
1097
1094
1093
1092
1089
1088
1088
1088
1083
1083
1074
1070
1070
1066
1066
1066
1063
1059
1057
1057
1057
1054
1054
1054
1051
1051
1050
1050
1050
1046
1045
1044
1044
1044
1044
1041
1041
1038
1035
1033
1033
1033
1025
1025
1024
1022
1022
1015
1013
1009
1009
1009
1009
1007
1006
1006
1006
1004
1001
1001
999
997
997
996
995
995
993
993
993
993
993
993
989
989
989
989
988
987
987
987
987
987
984
984
984
982
979
976
975
973
971
970
970
970
970
967
966
966
963
963
961
961
960
960
957
955
953
952
951
951
950
950
950
949
949
948
948
945
945
945
945
944
944
944
944
941
941
941
941
940
939
939
939
938
937
937
935
935
932
932
929
929
929
929
927
926
926
926
924
923
923
919
173.08358788490295