1625
1560
1548
1505
1502
1460
1403
1371
1339
1328
1310
1299
1295
1286
1282
1270
1265
1262
1254
1252
1252
1240
1240
1240
1230
1228
1220
1220
1212
1196
1196
1196
1196
1181
1179
1173
1173
1164
1162
1158
1156
1150
1150
1140
1135
1131
1131
1129
1129
1121
1113
1111
1109
1106
1099
1091
1089
1085
1084
1084
1083
1082
1082
1075
1075
1075
1073
1071
1071
1071
1071
1068
1068
1064
1063
1059
1059
1059
1055
1053
1051
1051
1048
1048
1041
1040
1040
1040
1032
1029
1029
1029
1029
1029
1025
1025
1025
1022
1021
1021
1016
1016
1016
1016
1015
1015
1011
1006
1002
1001
1001
1001
1001
998
998
998
995
993
993
990
989
989
989
988
988
987
987
985
984
983
983
982
977
975
974
972
969
969
969
966
965
965
965
965
958
958
958
958
956
956
954
954
949
948
947
947
943
942
942
942
942
942
942
940
940
940
937
936
936
935
935
933
933
933
931
930
930
930
930
930
928
927
925
924
923
922
922
922
922
922
920
920
920
916
912
911
910
910
909
909
175.10276985168457