1571
1496
1436
1406
1395
1389
1367
1354
1333
1304
1298
1297
1295
1285
1271
1261
1256
1253
1248
1242
1239
1239
1238
1229
1217
1217
1208
1203
1200
1197
1191
1182
1179
1177
1172
1169
1169
1165
1159
1149
1144
1142
1136
1131
1127
1125
1111
1109
1106
1100
1100
1100
1098
1098
1087
1087
1084
1084
1084
1081
1079
1079
1077
1075
1075
1075
1075
1071
1063
1062
1062
1062
1054
1050
1047
1045
1044
1044
1038
1038
1029
1029
1027
1027
1027
1022
1022
1021
1020
1016
1016
1011
1011
1011
1011
1010
1006
1006
1006
1003
1001
1001
999
999
999
996
994
994
991
991
991
988
988
984
984
984
984
980
980
975
973
972
972
972
972
969
967
967
965
964
964
963
963
958
958
958
954
954
952
951
950
948
945
943
940
940
939
938
938
938
938
936
936
934
929
929
927
923
920
920
920
919
918
918
917
917
917
915
915
915
915
914
914
913
911
911
908
908
908
908
908
908
906
905
905
905
905
903
903
903
902
900
900
900
900
898
898
898
895
895
185.57328486442566