1587
1567
1476
1407
1371
1353
1352
1340
1323
1308
1306
1301
1297
1297
1290
1283
1276
1276
1256
1255
1250
1243
1237
1228
1226
1224
1223
1217
1203
1199
1191
1189
1189
1189
1187
1182
1178
1178
1178
1169
1167
1162
1158
1158
1155
1154
1151
1151
1147
1147
1145
1141
1141
1135
1135
1133
1131
1128
1124
1122
1118
1116
1113
1110
1110
1107
1107
1103
1098
1098
1098
1090
1090
1088
1087
1084
1082
1081
1081
1079
1076
1076
1076
1076
1069
1069
1068
1061
1060
1058
1057
1057
1057
1053
1049
1049
1049
1049
1044
1043
1042
1039
1035
1034
1033
1031
1029
1029
1027
1025
1025
1025
1020
1018
1017
1017
1016
1016
1009
1009
1009
1008
1008
1006
1005
1005
1001
999
999
994
994
987
981
981
979
977
977
976
975
973
973
971
967
967
966
965
965
963
954
954
952
952
950
950
950
950
944
941
941
941
939
938
938
932
932
930
929
929
929
929
927
927
924
917
917
917
916
914
913
913
911
906
906
906
905
905
904
904
904
904
900
900
899
899
899
899
899
898
898
898
177.67950463294983