1589
1546
1495
1469
1446
1417
1374
1368
1363
1323
1315
1314
1295
1271
1271
1267
1256
1252
1246
1246
1246
1246
1246
1231
1220
1212
1205
1204
1200
1196
1195
1193
1188
1188
1186
1184
1179
1161
1151
1151
1142
1142
1142
1138
1138
1138
1134
1132
1122
1116
1116
1116
1112
1112
1110
1106
1103
1103
1101
1101
1096
1096
1093
1090
1086
1086
1086
1086
1084
1083
1083
1082
1082
1082
1071
1069
1068
1068
1067
1066
1066
1065
1065
1064
1058
1058
1058
1053
1053
1053
1052
1052
1052
1050
1043
1043
1043
1042
1041
1041
1038
1037
1036
1034
1032
1031
1030
1030
1030
1028
1021
1019
1016
1014
1014
1014
1013
1013
1013
1012
1008
1007
1001
999
997
996
994
994
992
990
990
985
982
979
970
970
968
966
966
963
963
963
958
954
954
954
954
949
947
944
944
941
938
936
935
935
934
933
932
931
931
930
930
928
928
928
928
927
926
923
922
922
921
921
921
920
919
919
919
916
916
916
911
909
907
907
906
906
906
906
906
906
905
905
905
903
901
900
900
900
179.36700081825256