1554
1532
1426
1420
1391
1367
1362
1356
1337
1319
1312
1308
1300
1298
1284
1282
1280
1278
1273
1272
1271
1270
1267
1266
1258
1253
1253
1253
1241
1230
1230
1228
1228
1223
1216
1208
1206
1206
1190
1182
1180
1173
1172
1167
1167
1158
1151
1151
1145
1137
1134
1123
1123
1121
1116
1116
1111
1107
1106
1103
1102
1102
1100
1099
1097
1097
1097
1093
1091
1086
1084
1084
1082
1081
1079
1077
1077
1073
1073
1073
1068
1065
1062
1062
1062
1057
1055
1054
1053
1053
1053
1049
1049
1047
1045
1043
1043
1033
1031
1031
1028
1026
1025
1025
1024
1019
1017
1017
1017
1017
1017
1013
1013
1010
1009
1009
1009
1006
1005
1005
1003
1003
1003
1003
999
996
995
994
993
993
992
992
992
992
992
992
992
992
992
992
989
989
987
985
985
985
984
983
981
981
980
980
978
978
977
977
971
970
970
968
965
965
964
964
961
959
959
956
956
956
953
953
948
946
946
941
941
940
938
937
937
937
937
934
932
931
930
930
929
926
925
924
922
922
918
917
917
917
917
915
171.37153244018555