1532
1483
1397
1384
1372
1352
1327
1327
1313
1287
1283
1274
1274
1270
1264
1249
1240
1240
1230
1221
1215
1207
1207
1207
1202
1200
1194
1187
1187
1183
1183
1175
1175
1169
1168
1168
1164
1156
1155
1151
1149
1142
1138
1136
1134
1134
1121
1121
1121
1121
1109
1108
1107
1107
1104
1102
1096
1096
1090
1086
1086
1086
1080
1079
1079
1072
1072
1070
1067
1067
1064
1063
1059
1059
1059
1057
1057
1056
1053
1049
1048
1045
1043
1040
1040
1029
1026
1024
1024
1020
1017
1017
1014
1014
1013
1012
1010
1010
1010
1009
1009
1009
1009
1005
1005
1004
997
996
993
991
991
990
988
988
983
982
982
981
980
978
976
974
972
970
969
967
967
964
963
962
961
961
961
961
959
958
957
957
956
953
953
950
950
948
943
943
943
940
938
938
938
938
934
932
930
930
928
928
928
928
926
926
925
924
924
922
922
922
922
922
922
921
921
919
919
918
918
918
917
917
915
915
914
914
911
911
910
908
907
907
906
905
904
904
904
904
903
902
902
902
187.1389319896698