1505
1434
1408
1368
1343
1336
1321
1314
1305
1296
1289
1283
1277
1258
1250
1244
1238
1216
1216
1207
1201
1194
1181
1178
1176
1175
1175
1165
1156
1156
1156
1153
1151
1147
1140
1136
1126
1126
1126
1120
1120
1117
1113
1108
1103
1100
1100
1094
1093
1092
1090
1088
1083
1078
1076
1074
1070
1068
1067
1064
1054
1051
1048
1046
1043
1043
1042
1040
1032
1022
1019
1018
1015
1013
1011
1011
1009
1008
1008
1001
997
997
994
991
990
984
983
978
978
977
974
974
972
971
967
967
964
962
961
961
961
960
960
959
958
956
952
952
952
950
949
948
947
944
944
944
941
941
938
937
937
935
933
932
932
932
929
929
928
926
926
923
922
922
922
921
919
916
916
911
910
909
908
906
906
903
902
902
900
897
895
895
894
893
892
892
891
890
890
890
888
888
888
888
884
884
884
883
879
879
878
878
878
878
875
874
874
874
872
872
869
868
866
866
865
864
864
863
862
861
859
858
858
858
856
854
853
853
852
852
186.08401226997375