1745
1663
1515
1491
1457
1404
1373
1359
1349
1346
1312
1307
1277
1277
1259
1250
1245
1239
1221
1213
1201
1199
1191
1183
1183
1177
1177
1177
1148
1148
1148
1135
1135
1135
1135
1124
1118
1113
1113
1107
1105
1102
1100
1098
1094
1081
1081
1081
1074
1071
1070
1066
1066
1063
1063
1060
1059
1058
1049
1048
1048
1047
1047
1040
1039
1038
1035
1035
1035
1034
1031
1029
1027
1027
1024
1021
1021
1017
1016
1015
1013
1012
1009
1008
1008
1005
1005
1005
1004
1004
1003
1003
1003
1002
999
998
994
994
994
994
993
993
992
992
992
991
991
983
981
976
975
975
973
972
971
971
971
971
970
970
967
967
963
962
961
960
960
959
959
959
959
959
955
954
952
950
950
950
950
949
948
948
948
945
945
944
943
941
941
940
939
938
937
936
936
934
932
931
931
931
928
927
926
924
924
923
923
923
922
922
922
920
917
915
913
913
912
911
911
911
911
910
909
908
908
908
907
907
906
906
905
905
905
905
903
903
901
900
897
896
185.38322758674622