1688
1461
1452
1437
1433
1407
1391
1367
1333
1333
1309
1290
1280
1273
1266
1264
1252
1249
1245
1240
1238
1238
1232
1220
1220
1209
1207
1207
1194
1194
1185
1185
1182
1175
1174
1174
1174
1170
1157
1150
1150
1150
1147
1147
1147
1145
1137
1136
1132
1132
1128
1124
1122
1122
1121
1120
1118
1118
1117
1112
1110
1108
1108
1108
1104
1104
1096
1093
1093
1093
1092
1091
1090
1090
1090
1086
1085
1085
1085
1083
1079
1078
1074
1074
1074
1068
1068
1067
1067
1067
1066
1066
1060
1057
1055
1055
1055
1055
1049
1049
1049
1044
1044
1044
1043
1040
1039
1039
1036
1035
1030
1025
1025
1021
1021
1019
1017
1015
1013
1010
1010
1010
1010
1010
1008
1002
1002
1002
1002
997
996
992
992
991
991
988
988
987
986
985
984
981
981
979
978
977
976
972
968
968
967
966
964
962
962
960
958
953
952
951
951
945
945
943
942
942
942
941
941
941
938
936
934
934
934
933
933
932
932
930
930
925
925
925
922
922
921
921
921
921
921
917
917
916
915
913
911
910
909
909
176.3505153656006