1572
1513
1453
1453
1406
1371
1371
1352
1342
1338
1336
1336
1333
1316
1306
1287
1287
1271
1271
1258
1252
1240
1236
1228
1227
1227
1219
1216
1214
1213
1212
1207
1205
1202
1197
1193
1185
1185
1172
1167
1164
1159
1154
1152
1143
1132
1130
1126
1122
1121
1119
1115
1114
1113
1111
1106
1101
1101
1099
1097
1095
1091
1088
1088
1086
1082
1082
1082
1082
1082
1078
1075
1074
1073
1069
1067
1064
1057
1057
1052
1050
1050
1047
1043
1042
1042
1041
1035
1034
1032
1031
1031
1031
1031
1030
1026
1025
1020
1020
1020
1020
1017
1014
1012
1012
1012
1010
1009
1008
1004
1002
1001
998
997
997
995
994
992
992
990
990
990
990
988
988
985
984
984
984
983
983
983
983
979
979
978
978
978
978
978
977
975
975
975
973
970
970
970
970
969
968
967
967
967
967
967
967
964
964
962
956
956
955
955
954
951
951
948
948
947
946
946
945
945
941
941
941
941
941
938
938
938
938
931
931
930
930
929
928
928
927
925
924
924
924
922
922
922
921
920
181.7672803401947