1594
1457
1431
1419
1405
1376
1347
1342
1314
1308
1307
1288
1288
1269
1261
1261
1261
1245
1241
1241
1239
1229
1212
1212
1212
1207
1206
1205
1202
1202
1202
1191
1188
1179
1178
1178
1173
1173
1170
1170
1170
1168
1163
1162
1162
1159
1159
1157
1154
1150
1149
1148
1146
1144
1144
1144
1140
1134
1134
1123
1117
1117
1117
1117
1116
1113
1110
1108
1108
1102
1100
1099
1099
1097
1094
1091
1081
1077
1077
1075
1068
1066
1066
1059
1058
1057
1055
1055
1055
1050
1048
1048
1040
1039
1039
1039
1037
1037
1031
1031
1031
1030
1030
1028
1028
1026
1020
1019
1018
1012
1008
1007
1007
1007
1007
1006
1006
1006
1004
1004
1004
1001
1001
1000
999
999
997
995
993
992
990
990
989
987
983
983
981
981
981
980
978
978
978
977
977
976
976
975
973
973
972
972
972
968
968
967
967
964
962
962
962
962
961
957
956
956
956
956
955
954
954
953
952
951
949
946
946
944
944
944
943
943
941
938
938
936
935
933
932
932
931
930
930
927
927
925
925
922
922
922
189.94422459602356