1464
1461
1380
1359
1347
1347
1335
1331
1324
1314
1308
1306
1302
1295
1292
1286
1286
1272
1270
1265
1257
1250
1245
1234
1234
1231
1229
1224
1220
1214
1212
1208
1206
1203
1189
1173
1155
1151
1150
1147
1144
1143
1141
1131
1127
1124
1123
1117
1114
1110
1102
1099
1099
1099
1099
1095
1095
1094
1088
1088
1083
1083
1082
1082
1082
1082
1074
1071
1067
1067
1061
1061
1057
1054
1050
1050
1049
1046
1043
1037
1036
1036
1035
1034
1028
1026
1026
1024
1024
1021
1021
1021
1021
1018
1016
1015
1013
1011
1010
1008
1007
1006
1006
1003
1002
1002
1001
999
999
998
997
996
996
995
995
995
991
991
990
989
988
986
985
982
978
978
976
972
970
968
968
966
964
962
962
960
960
960
960
957
956
955
953
953
952
951
948
947
946
946
945
942
940
940
939
937
937
936
935
935
935
932
931
931
929
929
927
927
927
925
925
923
923
923
923
923
920
919
917
916
915
913
912
908
907
907
907
907
907
907
907
906
906
905
904
903
901
899
898
896
197.52362656593323