1585
1570
1512
1493
1464
1405
1360
1348
1331
1318
1308
1297
1291
1275
1267
1267
1254
1248
1239
1227
1219
1217
1217
1193
1192
1190
1190
1186
1182
1177
1174
1174
1172
1169
1163
1161
1157
1149
1143
1143
1138
1134
1134
1119
1118
1118
1115
1113
1103
1103
1096
1088
1083
1078
1072
1069
1060
1059
1057
1056
1054
1050
1041
1041
1041
1039
1033
1033
1031
1029
1026
1024
1020
1017
1013
1012
1010
1009
1007
1007
1007
1005
1001
1000
1000
1000
997
996
990
990
984
984
982
977
977
976
973
973
973
973
971
971
970
969
968
968
963
963
962
962
960
959
956
955
955
955
952
952
949
947
947
947
946
946
944
942
940
940
938
938
938
938
938
938
937
933
932
930
930
930
929
929
929
926
924
924
923
923
921
921
921
920
919
919
919
918
918
918
918
918
917
917
917
917
917
917
917
917
915
915
915
914
913
912
912
911
911
910
910
910
909
909
906
906
906
905
903
902
902
900
900
899
899
899
899
898
898
897
897
897
188.73281288146973