1574
1497
1472
1410
1362
1345
1329
1329
1317
1313
1305
1283
1278
1261
1249
1233
1232
1221
1217
1210
1208
1200
1200
1197
1185
1175
1172
1152
1148
1148
1148
1148
1142
1141
1137
1136
1136
1130
1129
1122
1122
1119
1119
1119
1119
1115
1112
1106
1103
1102
1100
1095
1095
1094
1094
1094
1087
1082
1081
1081
1081
1071
1068
1067
1064
1061
1056
1055
1051
1049
1048
1046
1046
1046
1046
1038
1038
1036
1029
1025
1025
1025
1025
1023
1021
1020
1019
1017
1015
1014
1014
1012
1012
1012
1010
1010
1009
1009
1007
1007
1007
1007
1007
1001
1001
1001
1000
1000
998
998
997
997
997
995
994
993
993
990
988
988
988
988
981
981
981
981
981
981
977
976
975
975
975
975
975
971
971
968
968
966
965
964
961
961
960
960
960
958
957
957
955
954
954
952
951
948
947
946
946
946
944
942
941
938
938
938
936
936
936
936
935
935
935
934
933
932
929
929
929
927
926
924
923
923
922
920
919
919
919
919
918
918
918
918
916
916
911
911
907
907
176.6384880542755