1580
1448
1434
1415
1382
1355
1343
1303
1275
1256
1252
1251
1248
1244
1222
1217
1214
1210
1206
1204
1200
1198
1181
1176
1165
1157
1147
1147
1146
1146
1146
1135
1133
1131
1126
1126
1121
1117
1116
1106
1104
1100
1093
1088
1087
1084
1084
1083
1081
1080
1079
1077
1074
1074
1074
1069
1066
1065
1065
1065
1063
1059
1055
1053
1053
1049
1047
1045
1045
1039
1037
1036
1035
1033
1033
1029
1026
1025
1025
1023
1023
1023
1021
1021
1021
1019
1015
1012
1012
1012
1012
1011
1011
1011
1011
1011
1011
1011
1008
1007
1007
1003
1003
1002
995
995
995
994
994
994
993
993
993
991
990
989
988
986
986
986
986
986
984
984
983
982
982
980
980
978
977
975
974
974
974
973
971
971
971
971
969
969
969
969
966
965
965
965
963
962
961
961
957
956
956
956
956
956
956
953
952
952
952
948
948
947
945
943
941
941
941
940
940
939
939
938
936
936
936
936
936
935
935
933
931
931
927
927
927
926
925
924
924
924
924
924
923
920
919
918
189.82309460639954