1520
1462
1344
1337
1332
1320
1304
1290
1280
1280
1266
1264
1252
1246
1240
1237
1235
1233
1223
1215
1215
1215
1208
1206
1199
1197
1190
1185
1184
1183
1183
1178
1174
1172
1170
1170
1170
1166
1166
1161
1161
1155
1155
1153
1148
1145
1145
1141
1141
1141
1129
1122
1121
1120
1120
1115
1112
1112
1112
1108
1105
1103
1101
1101
1098
1098
1094
1093
1090
1090
1088
1083
1082
1082
1079
1079
1079
1075
1075
1075
1073
1071
1068
1067
1064
1064
1056
1053
1053
1053
1052
1052
1052
1049
1047
1045
1044
1041
1038
1035
1035
1034
1034
1034
1029
1028
1025
1025
1022
1022
1022
1019
1017
1015
1015
1015
1012
1012
1012
1006
1005
1005
1005
1001
1000
1000
1000
999
997
997
997
997
997
988
988
988
986
986
986
986
986
986
980
979
979
979
979
977
976
973
970
969
969
969
966
966
966
965
965
965
965
964
964
964
961
960
959
958
957
953
951
947
947
946
945
944
943
943
942
941
940
939
939
939
938
937
936
935
934
930
928
928
922
922
921
919
919
919
919
918
190.27119183540344