1655
1508
1421
1408
1393
1382
1352
1347
1341
1323
1310
1306
1299
1282
1278
1262
1252
1227
1223
1220
1212
1208
1208
1192
1169
1169
1164
1162
1147
1144
1139
1131
1117
1116
1116
1113
1107
1101
1094
1092
1089
1086
1085
1084
1081
1081
1081
1081
1072
1072
1067
1066
1066
1066
1064
1063
1059
1052
1052
1052
1046
1046
1045
1044
1044
1044
1042
1040
1038
1037
1037
1036
1033
1031
1030
1028
1027
1023
1023
1021
1021
1017
1010
1007
1007
1006
1006
1006
1001
999
998
996
996
994
990
990
990
990
986
985
985
982
982
979
978
978
978
978
973
973
970
970
970
966
964
963
962
962
962
960
960
956
956
955
952
951
951
950
948
948
947
947
947
947
943
942
942
942
941
941
940
939
939
939
939
939
937
936
936
935
935
931
930
930
930
930
928
928
928
927
926
926
925
925
925
925
924
923
923
923
923
922
922
922
920
920
920
920
920
919
919
918
918
916
913
912
911
907
907
907
907
906
906
906
905
905
905
904
904
901
164.3422441482544