1555
1486
1472
1449
1426
1392
1355
1313
1306
1294
1289
1282
1258
1248
1247
1247
1241
1228
1223
1219
1215
1211
1205
1199
1189
1188
1183
1182
1182
1163
1153
1151
1149
1142
1137
1127
1126
1121
1121
1111
1110
1106
1104
1102
1101
1099
1095
1091
1087
1086
1083
1083
1083
1083
1082
1080
1077
1073
1071
1070
1068
1068
1066
1066
1065
1063
1063
1059
1059
1056
1056
1049
1049
1046
1043
1043
1039
1039
1038
1036
1036
1031
1028
1022
1020
1018
1018
1018
1015
1015
1014
1012
1010
1010
1010
1008
1008
1008
1003
996
996
996
993
989
989
987
986
986
985
983
982
982
978
978
978
977
977
973
972
971
971
967
962
962
961
959
959
958
956
955
955
955
951
951
951
949
947
947
943
942
939
936
933
933
932
932
932
932
932
927
927
927
927
920
920
920
920
911
911
910
910
910
910
910
910
908
908
904
904
904
904
900
898
898
898
898
898
898
898
896
896
896
893
893
893
891
885
885
884
884
884
883
883
882
881
880
879
879
878
878
174.8169469833374