1787
1653
1554
1518
1481
1447
1373
1353
1337
1327
1313
1309
1302
1299
1287
1280
1271
1260
1253
1251
1245
1234
1231
1229
1229
1209
1202
1191
1182
1179
1179
1176
1176
1176
1174
1174
1168
1168
1168
1164
1160
1158
1156
1146
1143
1134
1134
1128
1127
1127
1123
1122
1116
1111
1108
1105
1105
1105
1103
1103
1101
1100
1100
1100
1092
1092
1092
1088
1088
1082
1082
1082
1078
1076
1076
1075
1074
1074
1074
1070
1070
1068
1066
1064
1064
1063
1062
1060
1057
1057
1055
1054
1052
1052
1052
1051
1050
1049
1045
1045
1044
1044
1034
1034
1033
1032
1029
1029
1028
1025
1022
1022
1020
1016
1015
1014
1014
1013
1012
1012
1008
1005
1005
1004
1004
1003
1001
1001
1000
1000
995
992
992
990
990
990
986
985
984
982
982
982
980
978
978
976
976
975
974
973
970
966
966
965
962
959
959
958
958
958
958
957
953
952
951
950
949
947
944
940
940
940
938
936
935
935
933
933
933
933
933
933
932
931
931
931
930
930
926
924
924
922
922
921
919
919
915
914
913
913
190.20726442337036