1549
1424
1399
1366
1356
1344
1340
1337
1318
1311
1306
1296
1286
1282
1281
1273
1257
1253
1245
1242
1238
1238
1237
1232
1204
1186
1185
1180
1175
1173
1172
1166
1165
1158
1155
1148
1148
1144
1140
1135
1134
1129
1120
1115
1114
1107
1107
1105
1101
1100
1091
1091
1086
1086
1081
1079
1079
1078
1073
1073
1068
1068
1067
1065
1061
1061
1057
1049
1047
1047
1044
1040
1039
1039
1038
1033
1033
1031
1030
1030
1029
1029
1029
1028
1028
1026
1026
1025
1024
1020
1017
1012
1012
1012
1012
1011
1009
1009
1009
1009
1009
1002
998
998
998
998
998
996
996
987
985
983
982
977
977
977
976
976
976
971
970
969
968
968
966
965
965
965
965
965
965
964
964
962
962
960
960
959
959
957
957
957
953
953
953
950
950
950
950
948
948
947
947
947
947
941
941
941
941
941
941
941
939
939
937
937
937
937
937
937
935
934
933
932
931
931
929
928
927
925
925
925
925
924
922
920
918
918
917
915
914
914
912
912
912
908
908
906
904
901
182.9760205745697