1489
1432
1396
1373
1350
1350
1340
1327
1318
1297
1289
1280
1280
1257
1253
1250
1244
1239
1233
1218
1209
1191
1185
1184
1168
1166
1160
1156
1154
1154
1148
1136
1135
1132
1132
1125
1117
1117
1116
1116
1106
1101
1101
1100
1098
1096
1094
1093
1093
1093
1090
1089
1088
1088
1088
1088
1077
1075
1074
1067
1067
1061
1061
1061
1061
1056
1056
1056
1052
1051
1051
1051
1051
1050
1048
1048
1043
1038
1038
1038
1033
1030
1030
1030
1027
1023
1019
1014
1014
1014
1009
1007
1007
1006
1003
1001
999
998
998
996
993
993
990
990
986
984
984
984
981
979
979
979
974
972
972
971
968
967
967
967
965
965
964
962
962
961
960
957
957
957
957
957
955
954
953
951
951
951
949
947
945
944
944
940
940
939
939
939
938
938
937
933
933
933
933
931
927
927
925
924
924
923
922
922
922
921
920
919
918
918
917
915
915
915
915
913
911
911
911
908
908
908
908
907
905
905
905
904
904
903
902
902
902
901
899
898
898
896
896
892
167.0754909515381