1622
1563
1516
1486
1418
1396
1371
1354
1313
1313
1295
1291
1291
1273
1269
1258
1258
1249
1249
1249
1226
1225
1223
1219
1207
1202
1202
1195
1193
1193
1193
1186
1182
1180
1173
1171
1164
1164
1160
1158
1158
1154
1152
1152
1145
1145
1138
1132
1129
1129
1122
1119
1116
1115
1115
1107
1102
1098
1098
1095
1090
1085
1085
1085
1085
1085
1081
1081
1081
1081
1078
1077
1076
1074
1070
1070
1070
1066
1066
1066
1064
1064
1063
1062
1059
1059
1059
1058
1058
1055
1055
1052
1052
1052
1052
1049
1045
1044
1044
1042
1042
1040
1037
1037
1037
1036
1035
1035
1035
1035
1028
1027
1027
1027
1027
1023
1022
1022
1022
1022
1022
1012
1010
1010
1010
1005
999
999
998
996
994
993
992
989
984
984
980
976
975
975
975
975
972
972
971
971
970
969
969
968
968
967
967
966
962
961
961
961
959
959
959
959
956
956
956
955
955
952
952
952
952
951
951
950
949
948
946
946
944
943
943
943
942
938
938
937
937
935
935
935
934
934
933
932
931
931
929
927
927
925
173.85693097114563