1495
1461
1433
1395
1349
1336
1333
1329
1308
1301
1301
1301
1286
1281
1267
1251
1251
1246
1232
1222
1222
1213
1197
1196
1193
1187
1177
1168
1164
1159
1155
1150
1149
1142
1141
1140
1136
1134
1131
1128
1120
1116
1116
1116
1113
1112
1112
1101
1100
1094
1090
1081
1075
1068
1067
1064
1064
1061
1056
1052
1052
1044
1037
1037
1037
1031
1031
1029
1029
1029
1026
1020
1019
1019
1016
1014
1013
1012
1010
1010
1006
1006
1006
1006
1006
999
997
997
997
995
993
991
990
990
987
986
983
983
982
979
978
976
975
974
973
971
971
971
971
971
971
971
971
965
963
962
961
959
957
954
952
951
951
950
948
946
946
945
944
943
942
939
939
939
939
939
938
937
937
933
933
933
932
931
926
926
921
921
921
920
919
919
917
917
917
917
916
916
913
912
912
912
910
910
910
908
907
907
906
906
906
903
903
903
903
903
902
902
902
902
902
902
900
900
899
899
899
899
899
898
897
897
897
896
896
895
895
894
894
894
181.01024866104126