1638
1543
1538
1501
1493
1440
1410
1409
1386
1353
1335
1334
1305
1283
1266
1252
1238
1229
1218
1216
1215
1211
1208
1195
1195
1185
1184
1184
1181
1176
1176
1174
1166
1160
1160
1160
1160
1158
1152
1152
1152
1152
1138
1132
1128
1122
1121
1119
1117
1113
1112
1112
1112
1112
1112
1104
1102
1100
1098
1098
1093
1093
1091
1090
1087
1086
1083
1083
1083
1083
1079
1078
1076
1073
1071
1070
1070
1063
1062
1061
1059
1058
1058
1051
1047
1046
1045
1045
1045
1037
1034
1034
1034
1034
1033
1033
1033
1031
1026
1026
1023
1023
1020
1019
1018
1017
1017
1017
1017
1013
1012
1009
1009
1008
1008
1008
1007
1003
1001
1001
999
999
999
997
997
992
991
991
987
985
985
984
982
981
977
976
976
976
975
971
970
970
970
968
968
967
967
962
961
957
955
954
952
948
946
946
946
940
940
939
938
938
938
938
936
936
934
934
932
932
932
932
930
929
928
928
928
925
923
923
921
920
920
916
916
915
915
911
911
911
909
909
909
909
909
909
908
908
908
906
171.4743914604187