1681
1476
1438
1426
1400
1399
1394
1373
1341
1328
1313
1292
1274
1272
1264
1259
1259
1258
1249
1248
1244
1235
1227
1226
1213
1204
1200
1200
1189
1180
1171
1167
1151
1150
1146
1142
1141
1134
1129
1129
1120
1120
1107
1102
1101
1098
1098
1089
1089
1081
1080
1079
1077
1071
1071
1067
1064
1064
1055
1055
1048
1048
1044
1043
1043
1034
1028
1027
1027
1027
1023
1022
1020
1018
1017
1014
1013
1013
1012
1012
1008
1007
1005
1003
1003
997
997
997
997
995
992
992
992
990
988
988
988
987
987
985
984
983
980
978
972
972
971
967
967
967
963
963
961
960
960
956
956
956
954
952
952
951
949
948
948
945
945
945
945
944
943
943
943
943
943
941
940
940
939
938
938
932
932
928
927
927
927
924
923
923
921
920
919
918
918
913
913
913
911
911
909
907
907
907
907
907
906
906
903
902
902
900
899
899
899
897
897
897
895
893
893
893
891
890
890
890
887
887
886
884
882
882
880
880
879
878
876
876
874
872
191.80725765228271