2050
1586
1453
1383
1378
1366
1338
1336
1331
1315
1300
1300
1267
1262
1259
1237
1235
1235
1229
1223
1221
1215
1209
1208
1188
1185
1181
1179
1172
1170
1167
1162
1162
1154
1150
1139
1139
1134
1133
1129
1125
1116
1116
1116
1116
1116
1116
1114
1104
1098
1092
1092
1087
1087
1085
1084
1084
1083
1083
1082
1080
1080
1076
1075
1075
1073
1073
1073
1072
1071
1070
1070
1064
1064
1059
1059
1055
1055
1055
1050
1050
1049
1047
1046
1046
1045
1045
1043
1042
1041
1040
1037
1037
1037
1037
1034
1032
1030
1030
1030
1029
1027
1025
1024
1021
1021
1021
1017
1016
1015
1013
1013
1013
1013
1009
1007
1007
1006
1003
1003
998
997
997
997
996
994
994
993
990
987
984
984
984
983
982
978
976
974
972
972
972
970
970
970
970
966
965
964
964
964
964
964
962
962
962
962
961
961
960
959
958
957
957
957
956
953
953
953
953
953
953
953
950
950
948
947
947
946
945
945
945
945
944
944
944
942
942
942
942
941
941
940
940
940
938
937
937
937
937
932
190.1010856628418