1552
1461
1430
1429
1392
1362
1352
1338
1325
1323
1292
1280
1275
1271
1267
1258
1254
1246
1246
1239
1239
1230
1228
1225
1222
1212
1208
1198
1195
1194
1187
1182
1179
1175
1168
1167
1163
1161
1151
1145
1144
1132
1130
1125
1116
1115
1115
1105
1100
1095
1089
1082
1082
1080
1080
1070
1070
1061
1060
1059
1058
1058
1055
1051
1049
1049
1041
1037
1034
1031
1029
1028
1027
1027
1023
1023
1023
1023
1021
1021
1021
1016
1015
1012
1010
1010
1008
1008
1001
1001
1001
1000
997
994
993
992
988
988
988
988
988
984
984
983
983
979
978
978
976
973
973
972
969
969
969
967
967
967
963
961
960
956
956
954
952
950
950
946
944
942
941
940
940
940
937
937
936
936
936
936
933
932
932
931
931
931
931
931
929
928
927
927
925
925
922
922
922
920
919
918
918
918
915
914
911
911
911
906
906
905
904
901
901
900
900
900
898
896
896
896
896
896
893
892
892
891
890
890
890
890
890
887
886
886
886
886
885
884
884
883
164.94263768196106