1632
1623
1597
1578
1545
1506
1470
1439
1421
1398
1356
1341
1321
1318
1317
1278
1272
1268
1268
1267
1252
1248
1239
1225
1218
1209
1209
1204
1204
1200
1197
1191
1191
1183
1177
1171
1170
1164
1164
1157
1157
1150
1150
1150
1150
1146
1144
1144
1137
1137
1130
1122
1122
1122
1122
1113
1113
1112
1112
1112
1112
1112
1112
1103
1103
1099
1095
1095
1095
1095
1088
1088
1088
1086
1086
1085
1085
1084
1080
1075
1070
1070
1068
1068
1063
1062
1060
1057
1054
1054
1047
1043
1039
1039
1035
1028
1027
1025
1022
1020
1016
1013
1012
1011
1010
1010
1008
1006
1002
998
992
992
988
983
983
981
976
975
970
970
970
969
969
967
965
961
959
957
956
955
953
950
946
945
939
938
934
934
934
931
929
929
928
928
924
922
920
918
918
913
912
912
905
904
904
903
902
900
898
898
897
897
893
892
890
888
888
883
883
882
881
881
880
879
877
877
875
874
873
873
871
870
868
867
867
863
862
859
857
857
857
856
856
856
855
855
854
853
853
853
188.17861223220825