1549
1463
1393
1389
1373
1341
1331
1320
1310
1309
1296
1276
1267
1267
1251
1241
1240
1237
1237
1228
1223
1220
1210
1207
1202
1202
1192
1192
1192
1181
1175
1172
1170
1168
1161
1161
1161
1156
1155
1147
1142
1138
1137
1137
1134
1130
1128
1124
1124
1122
1114
1114
1102
1099
1099
1096
1094
1090
1090
1079
1075
1075
1075
1070
1068
1067
1067
1061
1058
1057
1057
1056
1053
1052
1052
1051
1048
1047
1044
1044
1042
1041
1039
1039
1032
1032
1032
1032
1032
1030
1029
1027
1027
1025
1022
1018
1018
1016
1016
1016
1016
1016
1016
1015
1013
1011
1010
1009
1009
1007
1007
1007
1005
1005
1001
1000
1000
999
993
993
992
992
989
989
988
987
985
982
982
982
978
978
978
974
974
974
973
972
972
969
969
969
969
965
965
965
963
963
962
962
962
961
961
961
960
957
955
953
952
951
951
951
951
951
949
949
947
945
945
944
944
944
942
942
939
934
934
933
929
929
929
927
927
925
925
921
921
921
921
920
919
918
917
916
916
916
915
914
914
913
197.39072966575623