1476
1470
1433
1372
1362
1336
1335
1323
1313
1299
1293
1290
1285
1275
1271
1270
1269
1264
1264
1260
1248
1246
1239
1232
1227
1222
1214
1211
1211
1199
1199
1194
1192
1187
1187
1178
1177
1175
1171
1167
1164
1148
1142
1137
1135
1129
1129
1129
1124
1115
1111
1110
1110
1110
1110
1110
1098
1094
1091
1091
1091
1089
1089
1083
1083
1074
1074
1073
1072
1069
1068
1064
1064
1064
1064
1062
1057
1051
1047
1042
1042
1035
1034
1033
1029
1027
1024
1021
1020
1016
1013
1012
1008
1008
1000
997
996
996
996
993
992
991
991
989
989
988
987
987
984
984
980
980
979
978
978
975
975
972
971
968
968
967
964
964
964
960
960
959
959
956
956
955
955
955
955
955
955
952
951
951
950
950
949
949
949
949
946
946
946
946
944
944
943
943
943
939
938
938
938
934
933
933
933
931
929
928
927
926
925
925
923
922
922
922
920
920
919
919
917
917
916
914
913
912
911
909
906
905
905
903
903
903
902
902
902
902
901
901
901
901
182.03062176704407