1578
1559
1501
1394
1370
1360
1357
1330
1316
1287
1279
1267
1256
1256
1252
1247
1239
1226
1226
1224
1220
1220
1215
1204
1195
1180
1178
1178
1168
1167
1164
1159
1156
1148
1146
1146
1129
1121
1116
1110
1110
1099
1097
1097
1091
1091
1086
1086
1086
1081
1079
1078
1074
1074
1074
1067
1062
1062
1061
1061
1054
1054
1049
1049
1049
1045
1044
1039
1035
1035
1029
1028
1027
1027
1024
1018
1018
1016
1015
1012
1011
1010
1009
1006
1006
1003
1000
1000
1000
997
997
997
996
996
996
995
990
990
990
990
988
983
981
980
980
973
972
972
970
970
969
969
969
969
969
966
966
965
965
964
962
961
960
960
957
956
956
955
954
954
951
951
950
948
948
948
948
948
947
946
946
943
943
941
938
938
934
930
930
930
928
927
927
925
924
924
920
918
915
914
914
913
911
911
909
908
906
906
905
904
904
904
903
902
902
900
900
900
900
898
898
897
897
896
895
895
895
894
894
894
893
892
892
891
891
891
890
890
889
889
168.54833221435547